0.000000 1.000000 1.000000 1.000000
0.025000 0.937500 0.923077 0.933333
0.050000 0.937500 0.920000 0.878788
0.075000 0.851852 0.777778 0.781818
0.100000 0.810811 0.758065 0.760000
0.125000 0.745098 0.743590 0.682692
0.150000 0.737705 0.679612 0.666667
0.175000 0.646341 0.663934 0.645161
0.200000 0.635514 0.654930 0.590674
0.225000 0.635514 0.625000 0.578475
0.250000 0.612903 0.588832 0.550000
0.275000 0.597122 0.561404 0.492163
0.300000 0.535294 0.542969 0.427861
0.325000 0.526882 0.485531 0.372000
0.350000 0.497653 0.434667 0.300752
0.375000 0.485106 0.388393 0.200560
0.400000 0.444853 0.316865 0.095736
0.425000 0.404389 0.251588 0.021010
0.450000 0.361702 0.166005 0.007231
0.475000 0.314410 0.066949 0.000000
0.500000 0.274864 0.012292 0.000000
0.525000 0.225532 0.006802 0.000000
0.550000 0.167335 0.000000 0.000000
0.575000 0.106357 0.000000 0.000000
0.600000 0.015819 0.000000 0.000000
0.625000 0.005397 0.000000 0.000000
0.650000 0.000000 0.000000 0.000000
0.675000 0.000000 0.000000 0.000000
0.700000 0.000000 0.000000 0.000000
0.725000 0.000000 0.000000 0.000000
0.750000 0.000000 0.000000 0.000000
0.775000 0.000000 0.000000 0.000000
0.800000 0.000000 0.000000 0.000000
0.825000 0.000000 0.000000 0.000000
0.850000 0.000000 0.000000 0.000000
0.875000 0.000000 0.000000 0.000000
0.900000 0.000000 0.000000 0.000000
0.925000 0.000000 0.000000 0.000000
0.950000 0.000000 0.000000 0.000000
0.975000 0.000000 0.000000 0.000000
1.000000 0.000000 0.000000 0.000000
