0.000000 1.000000 1.000000 1.000000
0.025000 0.800000 0.614035 0.641791
0.050000 0.600000 0.614035 0.641791
0.075000 0.589744 0.614035 0.641791
0.100000 0.588235 0.540230 0.504425
0.125000 0.567164 0.487395 0.461039
0.150000 0.529412 0.448718 0.455026
0.175000 0.452991 0.447514 0.406504
0.200000 0.404762 0.418919 0.364217
0.225000 0.404762 0.387454 0.305687
0.250000 0.395833 0.327684 0.244027
0.275000 0.351695 0.289593 0.166138
0.300000 0.313793 0.238014 0.030049
0.325000 0.262032 0.169473 0.018359
0.350000 0.242009 0.029019 0.005257
0.375000 0.194539 0.020134 0.000000
0.400000 0.168994 0.004913 0.000000
0.425000 0.023135 0.000000 0.000000
0.450000 0.015807 0.000000 0.000000
0.475000 0.003775 0.000000 0.000000
0.500000 0.000000 0.000000 0.000000
0.525000 0.000000 0.000000 0.000000
0.550000 0.000000 0.000000 0.000000
0.575000 0.000000 0.000000 0.000000
0.600000 0.000000 0.000000 0.000000
0.625000 0.000000 0.000000 0.000000
0.650000 0.000000 0.000000 0.000000
0.675000 0.000000 0.000000 0.000000
0.700000 0.000000 0.000000 0.000000
0.725000 0.000000 0.000000 0.000000
0.750000 0.000000 0.000000 0.000000
0.775000 0.000000 0.000000 0.000000
0.800000 0.000000 0.000000 0.000000
0.825000 0.000000 0.000000 0.000000
0.850000 0.000000 0.000000 0.000000
0.875000 0.000000 0.000000 0.000000
0.900000 0.000000 0.000000 0.000000
0.925000 0.000000 0.000000 0.000000
0.950000 0.000000 0.000000 0.000000
0.975000 0.000000 0.000000 0.000000
1.000000 0.000000 0.000000 0.000000
