0.000000 1.000000 1.000000 1.000000
0.025000 1.000000 0.923077 0.933333
0.050000 0.833333 0.821429 0.852941
0.075000 0.833333 0.813953 0.754386
0.100000 0.833333 0.723077 0.695122
0.125000 0.730769 0.690476 0.651376
0.150000 0.642857 0.630631 0.565789
0.175000 0.595506 0.591241 0.523560
0.200000 0.564815 0.510989 0.475000
0.225000 0.523077 0.472973 0.435811
0.250000 0.469136 0.464000 0.367609
0.275000 0.446237 0.397516 0.298479
0.300000 0.417431 0.330166 0.183565
0.325000 0.369811 0.279630 0.118245
0.350000 0.330218 0.183146 0.057820
0.375000 0.262069 0.139984 0.015090
0.400000 0.215686 0.074849 0.010449
0.425000 0.150701 0.025555 0.000000
0.450000 0.121973 0.009829 0.000000
0.475000 0.078303 0.000000 0.000000
0.500000 0.039327 0.000000 0.000000
0.525000 0.016601 0.000000 0.000000
0.550000 0.007726 0.000000 0.000000
0.575000 0.000000 0.000000 0.000000
0.600000 0.000000 0.000000 0.000000
0.625000 0.000000 0.000000 0.000000
0.650000 0.000000 0.000000 0.000000
0.675000 0.000000 0.000000 0.000000
0.700000 0.000000 0.000000 0.000000
0.725000 0.000000 0.000000 0.000000
0.750000 0.000000 0.000000 0.000000
0.775000 0.000000 0.000000 0.000000
0.800000 0.000000 0.000000 0.000000
0.825000 0.000000 0.000000 0.000000
0.850000 0.000000 0.000000 0.000000
0.875000 0.000000 0.000000 0.000000
0.900000 0.000000 0.000000 0.000000
0.925000 0.000000 0.000000 0.000000
0.950000 0.000000 0.000000 0.000000
0.975000 0.000000 0.000000 0.000000
1.000000 0.000000 0.000000 0.000000
