0.000000 1.000000 1.000000 1.000000
0.025000 1.000000 0.923077 0.933333
0.050000 0.882353 0.884615 0.878788
0.075000 0.851852 0.853659 0.811321
0.100000 0.833333 0.810345 0.780822
0.125000 0.775510 0.783784 0.702970
0.150000 0.762712 0.679612 0.632353
0.175000 0.646341 0.618321 0.546448
0.200000 0.610000 0.560241 0.433460
0.225000 0.548387 0.468750 0.404389
0.250000 0.510067 0.411348 0.338061
0.275000 0.410891 0.385542 0.242658
0.300000 0.359684 0.321759 0.143933
0.325000 0.324503 0.210894 0.095189
0.350000 0.274611 0.137437 0.048077
0.375000 0.205036 0.098139 0.030406
0.400000 0.156939 0.059596 0.006846
0.425000 0.107590 0.038992 0.000000
0.450000 0.078386 0.016163 0.000000
0.475000 0.055215 0.006487 0.000000
0.500000 0.035210 0.000000 0.000000
0.525000 0.024131 0.000000 0.000000
0.550000 0.005166 0.000000 0.000000
0.575000 0.005076 0.000000 0.000000
0.600000 0.000000 0.000000 0.000000
0.625000 0.000000 0.000000 0.000000
0.650000 0.000000 0.000000 0.000000
0.675000 0.000000 0.000000 0.000000
0.700000 0.000000 0.000000 0.000000
0.725000 0.000000 0.000000 0.000000
0.750000 0.000000 0.000000 0.000000
0.775000 0.000000 0.000000 0.000000
0.800000 0.000000 0.000000 0.000000
0.825000 0.000000 0.000000 0.000000
0.850000 0.000000 0.000000 0.000000
0.875000 0.000000 0.000000 0.000000
0.900000 0.000000 0.000000 0.000000
0.925000 0.000000 0.000000 0.000000
0.950000 0.000000 0.000000 0.000000
0.975000 0.000000 0.000000 0.000000
1.000000 0.000000 0.000000 0.000000
